[13.8183407068,
0.000321282043868,
0.000321282043868,
0.000321282043868,
0.000642564087736,
0.000321282043868,
0.000321282043868,
0.000321282043868,
0.000321282043868,
0.000321282043868,
0.000642564087736,
0.000321282043868,
0.00128512817547,
0.000642564087736,
0.000321282043868,
0.000321282043868,
0.00353410248255,
0.000321282043868,
0.000642564087736,
0.000642564087736,
0.000321282043868,
0.000963846131604,
0.00610435883349,
0.000321282043868,
0.00128512817547,
0.000642564087736,
0.00160641021934,
0.00192769226321,
0.0160641021934,
0.000642564087736,
0.00160641021934,
0.00192769226321,
0.00546179474575,
0.00481923065802,
0.00257025635094,
0.00128512817547,
0.0366261530009,
0.00385538452641,
0.00738948700896,
0.0099597433599,
0.00738948700896,
0.029236665992,
0.0221684610269,
0.0189556405882,
0.0356623068693,
0.0231323071585,
0.151645124706,
0.289796403569,
0.102810254038,
0.0533328192821,
0.15614307332,
0.0806417930108,
0.26666409641,
0.192769226321,
0.525296141724,
0.358550760957,
0.760474597835,
0.471320758354,
1.59869945029,
1.31789894395,
3.64558735177,
5.87464217212,
10.6614233437,
41.3615290455,
18.0586211217]